[gd_scene load_steps=6 format=2]

[ext_resource path="res://scenes/main/Tile.gd" type="Script" id=1]
[ext_resource path="res://scenes/rig/rig.tscn" type="PackedScene" id=2]

[sub_resource type="PhysicsMaterial" id=1]
friction = 0.1

[sub_resource type="GDScript" id=2]
script/source = "extends RigidBody

func _ready():
	pass
#	var size: Vector3 = $\"../Tiles\".area_size()
#	print(size)
#	var outside = PoolVector2Array()
#	outside.append(Vector2(0.0, 0.0))
#	outside.append(Vector2(size.x, 0.0))
#	outside.append(Vector2(size.x, size.z))
#	outside.append(Vector2(0.0, size.z))
#	var collision = CollisionPolygon.new()
#	collision.polygon = outside
#	collision.depth = size.y
#	add_child(collision)
	#connect()
"

[sub_resource type="BoxShape" id=3]
extents = Vector3( 1800, 1, 800 )

[node name="Main" type="Spatial"]

[node name="DirectionalLight3" type="DirectionalLight" parent="."]
transform = Transform( 0.707107, 0, -0.707107, 0, 1, 0, 0.707107, 0, 0.707107, 17.2704, 1.14441e-05, 7.15364 )

[node name="Rig" parent="." instance=ExtResource( 2 )]
transform = Transform( 0.766044, 0, -0.642787, 0, 1, 0, 0.642787, 0, 0.766044, -166.252, 35.5319, -253.893 )
direction = 320.0

[node name="Camera" type="Camera" parent="Rig"]
transform = Transform( 0.707107, 0.5, -0.5, 0, 0.707107, 0.707107, 0.707107, -0.5, 0.5, 0, 0, 0 )
current = true
fov = 104.5
near = 0.01
far = 10000.0

[node name="DirectionalLight" type="DirectionalLight" parent="."]
transform = Transform( 0.949617, 0.00236851, 0.313403, -0.313412, 0.00717641, 0.94959, 0, -0.999971, 0.00755717, 13.207, 171.647, 0 )
visible = false
light_energy = 0.2

[node name="Ground" type="RigidBody" parent="."]
visible = false
mode = 1
physics_material_override = SubResource( 1 )
script = SubResource( 2 )

[node name="CollisionShape" type="CollisionShape" parent="Ground"]
shape = SubResource( 3 )

[node name="Tile" type="Spatial" parent="."]
transform = Transform( -1.62921e-07, -1, 0, -1.62921e-07, 2.65431e-14, -1, 1, -1.62921e-07, -1.62921e-07, 0, 0, 0 )
script = ExtResource( 1 )

[node name="CSGSphere" type="CSGSphere" parent="."]
transform = Transform( 1, 0, 0, 0, -1, -3.25841e-07, 0, 3.25841e-07, -1, 0, 0, 0 )
